[{"id": 0, "img_name": "output_0008", "width": 486, "height": 486, "position": [4.572642142703101, -0.17516727528093615, -0.7666832073101763], "rotation": [[0.9986093034291282, 0.05115211623638666, -0.012764016191256337], [-0.05135753926101454, 0.9985469516590431, -0.01632141211679068], [0.011910594688965636, 0.01695424244759875, 0.9997853226554105]], "fy": 734.9972071896981, "fx": 874.3684884913571}, {"id": 1, "img_name": "output_0009", "width": 486, "height": 486, "position": [4.569715400773314, -0.20560208405022232, -0.7856524818678169], "rotation": [[0.9986164502024159, 0.051117441755127946, -0.012336633800874896], [-0.051305792237468194, 0.9985632108177097, -0.015467051571376286], [0.011528272551060537, 0.0160785929060029, 0.9998042697359075]], "fy": 734.9972071896981, "fx": 874.3684884913571}, {"id": 2, "img_name": "output_0014", "width": 486, "height": 486, "position": [4.113670807565977, -0.25156608422659227, -0.8227173397904319], "rotation": [[0.9987438494798562, 0.049754181455579555, 0.005936712376702064], [-0.04966766697418245, 0.9986687241417098, -0.013924879838317642], [-0.006621629973060144, 0.013612525440018255, 0.9998854200195364]], "fy": 734.9972071896981, "fx": 874.3684884913571}, {"id": 3, "img_name": "output_0023", "width": 486, "height": 486, "position": [2.066422340426804, -0.0946630204647662, -0.4435248032061845], "rotation": [[0.9964719396819897, 0.035960857441891377, 0.07583198638079687], [-0.03494205783544753, 0.9992809339608937, -0.01471963370699431], [-0.07630678882404655, 0.012017976297522341, 0.9970119569117889]], "fy": 734.9972071896981, "fx": 874.3684884913571}, {"id": 4, "img_name": "output_0024", "width": 486, "height": 486, "position": [1.0764276271792617, 0.004820473170332366, -0.04906221748662429], "rotation": [[0.9934582770511466, 0.030542775433005567, 0.11003540624460935], [-0.02876912099243612, 0.9994298733695264, -0.01767104676851533], [-0.11051239494233123, 0.014389825760636445, 0.9937705688330122]], "fy": 734.9972071896981, "fx": 874.3684884913571}, {"id": 5, "img_name": "output_0025", "width": 486, "height": 486, "position": [0.7780802221604521, 0.014610861224268797, 0.04088564542189254], "rotation": [[0.9924557191299952, 0.02891655487216847, 0.11914477924142984], [-0.02690701875279492, 0.9994678304361218, -0.018440939920428542], [-0.11961462246732596, 0.015095985480815184, 0.9927056226869888]], "fy": 734.9972071896981, "fx": 874.3684884913571}, {"id": 6, "img_name": "output_0026", "width": 486, "height": 486, "position": [0.4834381048968701, 0.015564233863374117, 0.12822329151076045], "rotation": [[0.9914468618297367, 0.027944993464158158, 0.1274841068849559], [-0.025818159120984806, 0.999499040042926, -0.01830550771961461], [-0.12793178974582595, 0.0148575332258595, 0.9916716749402862]], "fy": 734.9972071896981, "fx": 874.3684884913571}, {"id": 7, "img_name": "output_0027", "width": 486, "height": 486, "position": [-0.34485622361135226, 0.1273922064099018, 0.3820287549168825], "rotation": [[0.9883793800873863, 0.025003349137822983, 0.14993676517107443], [-0.02207848177959525, 0.9995326992523836, -0.02114057159946295], [-0.15039528470128932, 0.01758452891424918, 0.9884695456525113]], "fy": 734.9972071896981, "fx": 874.3684884913571}, {"id": 8, "img_name": "output_0028", "width": 486, "height": 486, "position": [-0.8630273129035554, 0.15901601901141146, 0.5819702936692429], "rotation": [[0.986267890253651, 0.02266483139598362, 0.16359081292176555], [-0.019282505027139345, 0.9995668206125138, -0.02223412086117185], [-0.16402388135418214, 0.018774358800834886, 0.9862776940583856]], "fy": 734.9972071896981, "fx": 874.3684884913571}, {"id": 9, "img_name": "output_0029", "width": 486, "height": 486, "position": [-1.5756967932398995, 0.15402858609646045, 0.9118147097452105], "rotation": [[0.982983994651766, 0.019320270516882284, 0.18267236628896905], [-0.015368639576105876, 0.9996167904186534, -0.0230234061487394], [-0.18304718292297353, 0.01982421398856833, 0.9829042320407919]], "fy": 734.9972071896981, "fx": 874.3684884913571}, {"id": 10, "img_name": "output_0035", "width": 486, "height": 486, "position": [-5.734458625467079, 0.26335327016884863, 2.9579960028714183], "rotation": [[0.9519387443964517, -0.0008202843163949989, 0.3062873716798446], [0.010015327760838223, 0.9995450240465849, -0.028450625890393582], [-0.30612468068868603, 0.030150821503773764, 0.9515138505749129]], "fy": 734.9972071896981, "fx": 874.3684884913571}, {"id": 11, "img_name": "output_0036", "width": 486, "height": 486, "position": [-6.038985885441064, 0.34067912500071457, 3.1416406646534174], "rotation": [[0.9486339221757387, -0.0016730958580468186, 0.31637143114972355], [0.01204708674005626, 0.9994518086258932, -0.03083747615335223], [-0.31614640500652863, 0.0330648300264918, 0.9481340451733432]], "fy": 734.9972071896981, "fx": 874.3684884913571}]